A(bef) = (0.308364, 0.368906, 0.806171, 0.086002, 0.553529, 0.773188, 0.971348, 0.572928, 0.578887, 0.847581)
A(aft) = (0.847581, 0.578887, 0.572928, 0.971348, 0.773188, 0.553529, 0.086002, 0.806171, 0.368906, 0.308364)
